image: GlobalMap.png
resolution: 0.049990
origin: [-33.2936, -10.7479, 0.000000]
negate: 0
occupied_thresh: 0.65
free_thresh: 0.25
